image: syd_map.pgm
resolution: 0.200000
origin: [195.199997, -104.800003, 0.000000]
negate: 0
occupied_thresh: 0.65
free_thresh: 0.196

