image: nav_channel.pgm
resolution: 0.400000
origin: [-204.800003, -4.800003, 0.000000]
negate: 0
occupied_thresh: 0.65
free_thresh: 0.196

