image_width: 1936
image_height: 1216
camera_name: camera_centre
camera_matrix:
  rows: 3
  cols: 3
  data: [1334.27925,    0.     ,  958.62075,
            0.     , 1333.90023,  535.94026,
            0.     ,    0.     ,    1.     ]
distortion_model: plumb_bob
distortion_coefficients:
  rows: 1
  cols: 5
  data: [-0.103258, 0.089776, -0.001892, -0.002259, 0.000000]
rectification_matrix:
  rows: 3
  cols: 3
  data: [1., 0., 0.,
         0., 1., 0.,
         0., 0., 1.]
projection_matrix:
  rows: 3
  cols: 4
  data: [1299.00098,    0.     ,  953.09673,    0.     ,
            0.     , 1307.22339,  531.79441,    0.     ,
            0.     ,    0.     ,    1.     ,    0.     ]