image_width: 1936
image_height: 1216
camera_name: camera_left
camera_matrix:
  rows: 3
  cols: 3
  data: [1383.50822,    0.     , 1031.35632,
            0.     , 1383.09663,  554.68775,
            0.     ,    0.     ,    1.     ]
distortion_model: plumb_bob
distortion_coefficients:
  rows: 1
  cols: 5
  data: [-0.127980, 0.084028, -0.007176, 0.008125, 0.000000]
rectification_matrix:
  rows: 3
  cols: 3
  data: [1., 0., 0.,
         0., 1., 0.,
         0., 0., 1.]
projection_matrix:
  rows: 3
  cols: 4
  data: [1320.56604,    0.     , 1051.44362,    0.     ,
            0.     , 1348.27747,  545.77637,    0.     ,
            0.     ,    0.     ,    1.     ,    0.     ]