image_width: 1200
image_height: 720
camera_name: camera_centre
camera_matrix:
  rows: 3
  cols: 3
  data: [1384.677118037295, 0, 717.2568212740917, 0, 1383.366941715095, 497.7247518939914, 0, 0, 1]
distortion_model: plumb_bob
distortion_coefficients:
  rows: 1
  cols: 5
  data: [-0.06364468063996172, 0.04712948562022587, 0.001851121576411599, 0.001189643011732145, 0]
rectification_matrix:
  rows: 3
  cols: 3
  data: [1, 0, 0, 0, 1, 0, 0, 0, 1]
projection_matrix:
  rows: 3
  cols: 4
  data: [1367.185302734375, 0, 719.5771865127172, 0, 0, 1371.9873046875, 498.4004578953318, 0, 0, 0, 1, 0]