image_width: 1936
image_height: 1216
camera_name: camera_right
camera_matrix:
  rows: 3
  cols: 3
  data: [1392.63989,    0.     ,  984.96409,
            0.     , 1393.63365,  605.34483,
            0.     ,    0.     ,    1.     ]
distortion_model: plumb_bob
distortion_coefficients:
  rows: 1
  cols: 5
  data: [-0.133327, 0.117413, -0.000078, -0.000887, 0.000000]
rectification_matrix:
  rows: 3
  cols: 3
  data: [1., 0., 0.,
         0., 1., 0.,
         0., 0., 1.]
projection_matrix:
  rows: 3
  cols: 4
  data: [1343.32019,    0.     ,  981.75465,    0.     ,
            0.     , 1362.03381,  604.68307,    0.     ,
            0.     ,    0.     ,    1.     ,    0.     ]